00: 00000000000000000000000000001010
01: 00000000000000000000000000010000
02: 00000000000000000000000010110000
03: 00000000000000000000000000000100
04: 00000000000000000000000000000000
05: 00000000000000000000000000000000
06: 00000000000000000000000000000000
07: 00000000000000000000000000101000

    0x00000  00000011      00000000 00000000 00000000 00010001
    0x00004  0100000A      00000001 00000000 00000000 00001010
    0x00008  01010010      00000001 00000001 00000000 00010000
    0x0000C  010200B0      00000001 00000010 00000000 10110000
    0x00010  01030004      00000001 00000011 00000000 00000100
    0x00014  01070028      00000001 00000111 00000000 00101000
    0x00018  14010700      00010100 00000001 00000111 00000000
    0x0001C  14020701      00010100 00000010 00000111 00000001
    0x00020  14030702      00010100 00000011 00000111 00000010
    0x00024  00000000      00000000 00000000 00000000 00000000
    0x00028  00000010      00000000 00000000 00000000 00010000
    0x0002C  000000B0      00000000 00000000 00000000 10110000
    0x00030  00000004      00000000 00000000 00000000 00000100
    0x00034  00000000      00000000 00000000 00000000 00000000
==> 0x00038  00000000      00000000 00000000 00000000 00000000
    0x0003C  00000000      00000000 00000000 00000000 00000000